6.84 -7.60 4.63 1.12 -2.37 -6.35 7.42 0.41 -4.17 3.17
1.39 3.43 1.52 6.57 -9.71 2.83 -9.68 -6.80 -2.79 9.97
-1.14 -2.30 -4.72 -1.65 0.79 -0.87 4.43 2.71 9.36 6.62
-3.80 0.87 6.10 -7.25 5.98 2.83 -1.83 -8.45 -4.37 -4.49
3.27 -0.97 -5.98 -1.10 -2.02 -2.33 2.28 1.52 -9.66 2.14
-7.70 5.76 -9.00 -8.00 -2.03 0.05 -5.98 -2.66 4.63 3.48
3.13 0.83 7.11 8.39 -0.41 -8.00 7.14 -4.39 9.33 -5.65
-2.35 -2.06 -6.36 1.78 9.14 4.96 7.77 -7.64 -7.41 -5.54
2.05 -8.51 0.75 -8.13 8.93 -2.55 -6.79 -7.32 -0.68 0.07
-4.90 7.34 -1.99 -9.77 -3.13 -9.91 -9.81 -8.56 1.77 1.65
