0.00793372
0.01002553
0.00536287
0.01404442
0.00930468
0.00871755
0.01403318
0.01441887
0.01350059
0.00541077
0.0079024
0.01344323
0.01396698
0.01371557
0.00739958
0.01413456
0.00840879
0.00965575
0.01453931
0.00638422
0.01027819
0.01374488
0.00714004
0.01036321
0.00833438
0.0054726
0.0124371
0.00878752
0.01331627
0.00467898
0.01090574
0.01415957
0.01424992
0.00761536
-0.00022924
0.01381916
0.01265845
0.01367061
0.01399618
0.00216574
0.00427273
0.01222532
0.0003095
0.01047582
0.01074673
0.00885411
0.01413789
0.01468641
0.00805266
0.01197225
0.01425291
0.01432503
0.01441201
0.001409
0.01351932
0.01464956
0.01228289
0.01327724
0.01438027
0.00401335
0.00401715
0.00699989
0.00258494
0.01247532
0.01387466
0.01099359
0.00664481
0.01044784
0.0069296
0.00812996
0.00460936
0.01392991
0.0038369
0.00638238
0.01409766
0.00836365
0.01092679
0.01320619
0.01422473
0.00494585
0.01257841
0.01071013
0.01428057
0.01297442
0.01426972
0.00077601
0.01085037
0.01209873
0.00850899
0.01098067
0.00491677
0.00621838
0.00935401
0.00953138
0.01313203
0.00915373
0.00558103
0.01322568
0.00932427
0.01179129