4.91 5.18 -6.79 -4.94 0.70 4.64 -6.92 -1.13 -9.76 -9.88
-2.17 -9.31 -4.43 4.41 2.72 -3.11 -8.23 9.24 1.84 4.36
-1.53 -5.59 -9.11 -3.95 -2.73 -9.59 9.22 2.81 -7.32 2.31
8.27 -5.41 -5.41 -6.40 -9.33 1.49 2.36 -4.09 2.08 3.92
-3.89 -7.57 2.66 -7.91 -5.53 8.71 -4.58 1.03 -3.12 -0.45
2.95 8.51 6.84 -4.80 -8.34 -2.29 -8.99 -9.88 -4.25 9.69
-7.09 -4.19 6.37 -6.32 1.07 -8.10 4.83 -5.11 7.57 -3.41
-8.54 2.41 1.57 7.32 6.05 -3.48 0.98 -9.81 2.73 -5.52
-4.39 -8.69 -9.00 0.33 5.80 0.11 7.21 -1.26 -8.48 -8.43
-9.14 1.58 -3.60 -6.84 2.84 1.64 -3.91 4.35 -1.38 5.43
